V 54
K 1
D 0 -1524000 2286000 0
Y 1
U 1905000 762000 254000 0 2 3 REFDES=J?
U 1905000 508000 254000 0 2 3 DEVICE=1827654-1
U 1905000 254000 254000 0 2 0 PKG_TYPE=18276541
U 1905000 0 254000 0 2 0 Description=DC Jack Connectors, Board-to-Board, 7 Position, .079 in [2 mm] Centerline, Plug, 30 VDC, Right Angle, Printed Circuit Board, Power & Signal
U 1905000 -254000 254000 0 2 0 Datasheet Link=https://www.te.com/commerce/DocumentDelivery/DDEController?Action=showdoc&DocId=Customer+Drawing%7F1827654%7FD3%7Fpdf%7FEnglish%7FENG_CD_1827654_D3_c-1827654_drw.pdf%7F1827654-1
U 1905000 -508000 254000 0 2 0 Height=4.3
U 1905000 -762000 254000 0 2 0 Manufacturer_Name=TE Connectivity
U 1905000 -1016000 254000 0 2 0 Manufacturer_Part_Number=1827654-1
U 1905000 -1270000 254000 0 2 0 Mouser Part Number=571-1827654-1
U 1905000 -1524000 254000 0 2 0 Mouser Price/Stock=https://www.mouser.co.uk/ProductDetail/TE-Connectivity/1827654-1?qs=y6UIinpTn8hD7CbWsVjTIg%3D%3D
U 1905000 -1778000 254000 0 2 0 Arrow Part Number=1827654-1
U 1905000 -2032000 254000 0 2 0 Arrow Price/Stock=https://www.arrow.com/en/products/1827654-1/te-connectivity?utm_currency=USD&region=europe
U 0 0 254000 0 1 0 FORWARD_PCB=1
l 5 508000 254000 1778000 254000 1778000 -1778000 508000 -1778000 508000 254000
|GRPHSTL -1 -1 -1 1
P 1 0 0 508000 0 0 2 0
L 584200 0 228600 0 2 0 1 0 1
A 355600 50800 203200 0 9 3 #=1
A 0 0 9 0 3 0 PINTYPE=BI
P 2 0 -254000 508000 -254000 0 2 0
L 584200 -254000 228600 0 2 0 1 0 2
A 355600 -203200 203200 0 9 3 #=2
A 0 0 9 0 3 0 PINTYPE=BI
P 3 0 -508000 508000 -508000 0 2 0
L 584200 -508000 228600 0 2 0 1 0 3
A 355600 -457200 203200 0 9 3 #=3
A 0 0 9 0 3 0 PINTYPE=BI
P 4 0 -762000 508000 -762000 0 2 0
L 584200 -762000 228600 0 2 0 1 0 4
A 355600 -711200 203200 0 9 3 #=4
A 0 0 9 0 3 0 PINTYPE=BI
P 5 0 -1016000 508000 -1016000 0 2 0
L 584200 -1016000 228600 0 2 0 1 0 5
A 355600 -965200 203200 0 9 3 #=5
A 0 0 9 0 3 0 PINTYPE=BI
P 6 0 -1270000 508000 -1270000 0 2 0
L 584200 -1270000 228600 0 2 0 1 0 6
A 355600 -1219200 203200 0 9 3 #=6
A 0 0 9 0 3 0 PINTYPE=BI
P 7 0 -1524000 508000 -1524000 0 2 0
L 584200 -1524000 228600 0 2 0 1 0 7
A 355600 -1473200 203200 0 9 3 #=7
A 0 0 9 0 3 0 PINTYPE=BI
P 8 2286000 0 1778000 0 0 3 0
L 1701800 0 228600 0 8 0 1 0 MH1
A 1930400 50800 203200 0 3 3 #=MH1
A 0 0 9 0 3 0 PINTYPE=BI
P 9 2286000 -254000 1778000 -254000 0 3 0
L 1701800 -254000 228600 0 8 0 1 0 MH2
A 1930400 -203200 203200 0 3 3 #=MH2
A 0 0 9 0 3 0 PINTYPE=BI
E
