$ 1 0.000005 10.20027730826997 50 5 50 5e-11
f 64 112 64 64 33 1.5 0.02
w 48 64 -32 64 0
w 80 64 160 64 0
r 448 144 448 192 0 1000
w 64 112 64 224 0
w 64 224 64 288 0
w 272 64 384 64 0
w 64 288 256 288 0
w 64 288 0 288 0
w 448 64 448 144 0
w 448 192 448 288 0
v -96 208 -96 144 0 0 40 30 0 0 0.5
S -32 64 -32 112 0 1 false 2 2
w -32 288 0 288 0
g 448 288 448 304 0 0
S -32 288 -32 240 0 1 false 2 2
w -48 144 -48 240 0
w -16 208 -16 112 0
w -48 144 -96 144 0
w -96 208 -16 208 0
w -48 144 -48 112 0
w -16 208 -16 240 0
f 256 160 256 64 41 1.5 0.02
r 160 64 160 160 0 20000
w 160 64 240 64 0
w 160 160 256 160 0
f 192 224 256 224 32 1.5 0.02
w 256 208 256 160 0
w 256 240 256 288 0
r 160 224 160 288 0 10000
w 160 224 192 224 0
R 96 224 96 176 0 0 40 5 0 0 0.5
s 96 224 160 224 0 1 false
r 384 64 384 288 0 100000
g 256 288 256 304 0 0
w 384 288 256 288 0
w 384 64 448 64 0
