$ 1 0.000005 10.20027730826997 50 5 50 5e-11
f 64 112 64 64 33 1.5 0.02
w 48 64 -32 64 0
w 80 64 160 64 0
w 64 112 64 224 0
w 64 224 64 288 0
w 272 64 384 64 0
w 64 288 256 288 0
w 64 288 0 288 0
v -96 208 -96 144 0 0 40 30 0 0 0.5
S -32 64 -32 112 0 1 false 2 2
w -32 288 0 288 0
S -32 288 -32 240 0 1 false 2 2
w -48 144 -48 240 0
w -16 208 -16 112 0
w -48 144 -96 144 0
w -96 208 -16 208 0
w -48 144 -48 112 0
w -16 208 -16 240 0
f 256 160 256 64 41 1.5 0.02
r 160 64 160 160 0 20000
w 160 64 240 64 0
w 160 160 256 160 0
f 192 224 256 224 32 1.5 0.02
w 256 208 256 160 0
w 256 240 256 288 0
r 160 224 160 288 0 10000
w 160 224 192 224 0
R 96 224 96 176 0 0 40 5 0 0 0.5
s 96 224 160 224 0 1 false
r 384 64 384 288 0 100000
g 256 288 256 304 0 0
w 384 288 256 288 0
w 384 640 256 640 0
g 256 640 256 656 0 0
r 384 416 384 640 0 100000
s 96 576 160 576 0 0 false
R 96 576 96 528 0 0 40 5 0 0 0.5
w 160 576 192 576 0
r 160 576 160 640 0 10000
w 256 592 256 640 0
w 256 560 256 512 0
f 192 576 256 576 32 1.5 0.02
w 160 512 256 512 0
w 160 416 240 416 0
r 160 416 160 512 0 20000
f 256 512 256 416 41 1.5 0.02
w -16 560 -16 592 0
w -48 496 -48 464 0
w -96 560 -16 560 0
w -48 496 -96 496 0
w -16 560 -16 464 0
w -48 496 -48 592 0
S -32 640 -32 592 0 1 false 1 2
w -32 640 0 640 0
S -32 416 -32 464 0 1 false 1 2
v -96 560 -96 496 0 0 40 30 0 0 0.5
w 64 640 0 640 0
w 64 640 256 640 0
w 272 416 384 416 0
w 64 576 64 640 0
w 64 464 64 576 0
w 80 416 160 416 0
w 48 416 -32 416 0
f 64 464 64 416 33 1.5 0.02
c 480 64 480 144 4 0.00001 1.7897826423202274 0.001 0.1
c 544 64 544 144 4 1e-7 1.7897809321383735 0.001 0
g 480 144 480 176 0 0
g 544 144 544 176 0 0
w 384 64 480 64 0
w 480 64 544 64 0
w 480 416 544 416 0
w 384 416 480 416 0
g 544 496 544 528 0 0
g 480 496 480 528 0 0
c 544 416 544 496 4 1e-7 29.893385494389502 0.001 0
c 480 416 480 496 4 0.00001 29.893385494389502 0.001 0.1
d 544 64 640 64 2 default
d 544 416 640 416 2 default
w 640 64 640 240 0
w 640 416 640 240 0
w 640 240 720 240 0
r 720 240 720 320 0 1000
g 720 320 720 352 0 0
